       0.0000000000000000       0.1001211777329445
       0.0020000000000000       0.1794535954928703
       0.0040000000000000       0.1943037451535000
       0.0060000000000000       0.3130154560814472
       0.0080000000000000       0.3779220413461707
       0.0100000000000000       0.3581977786078228
       0.0120000000000000       0.5692085857919604
       0.0140000000000000       0.9220133695457728
       0.0160000000000000       0.6596431727205778
       0.0180000000000000       0.8376306518257742
       0.0200000000000000       0.8990207520368072
       0.0220000000000000       0.8091993533668660
       0.0240000000000000       0.8435473216041685
       0.0260000000000000       0.8440069868911980
       0.0280000000000000       1.0286567717584676
       0.0300000000000000       0.9851240330571976
       0.0320000000000000       1.1189415178739504
       0.0340000000000000       1.0485606312082467
       0.0360000000000000       0.9573183641849242
       0.0380000000000000       0.9743068065285867
       0.0400000000000000       0.9513445524705065
       0.0420000000000000       0.8016523779552933
       0.0440000000000000       0.9924451791036387
       0.0460000000000000       0.8823654058790916
       0.0480000000000000       0.4965821698269282
       0.0500000000000000       0.5727582489285739
       0.0520000000000000       0.4250382274572583
       0.0540000000000000       0.5109620099818801
       0.0560000000000000       0.4346959473014914
       0.0580000000000000       0.1837624927940354
       0.0600000000000000       0.0894702524923518
       0.0620000000000000       0.1092049110509834
       0.0640000000000000      -0.2099942166435053
       0.0660000000000000      -0.0076117548354439
       0.0680000000000000      -0.3644022669918880
       0.0700000000000000      -0.2682262138420624
       0.0720000000000000      -0.2919387173081352
       0.0740000000000000      -0.3184004408019347
       0.0760000000000000      -0.6287698325558575
       0.0780000000000000      -0.6748844682955276
       0.0800000000000000      -0.6657985520899310
       0.0820000000000000      -0.8329187840008370
       0.0840000000000000      -0.9452324222557060
       0.0860000000000000      -0.9319863614204812
       0.0880000000000000      -0.7484639399858248
       0.0900000000000000      -0.9734134142890244
       0.0920000000000000      -0.8546482023385692
       0.0940000000000000      -1.0895382780831375
       0.0960000000000000      -0.9411514098348004
       0.0980000000000000      -1.0371631743772625
       0.1000000000000000      -0.9215240760766222
       0.1020000000000000      -1.0301428906644567
       0.1040000000000000      -0.9028308990582850
       0.1060000000000000      -0.7705299959880382
       0.1080000000000000      -0.7213667351187460
       0.1100000000000000      -0.7337391584511180
       0.1120000000000000      -0.6060714884424179
       0.1140000000000000      -0.6582044663035973
       0.1160000000000000      -0.4066454793621968
       0.1180000000000000      -0.1863458465354920
       0.1200000000000000      -0.3083106161954798
       0.1220000000000000      -0.2871710837174948
       0.1240000000000000       0.1332200656799393
       0.1260000000000000       0.2147606205401106
       0.1280000000000000       0.1694351968905340
       0.1300000000000000      -0.0047616521484634
       0.1320000000000000       0.3089342982435608
       0.1340000000000000       0.2230016134715224
       0.1360000000000000       0.5571786546393653
       0.1380000000000000       0.6828861793772409
       0.1400000000000000       0.4905454365932639
       0.1420000000000000       0.6015374241443383
       0.1440000000000000       0.7550128150655798
       0.1460000000000000       0.8417054846475424
       0.1480000000000000       0.6594503523729522
       0.1500000000000000       0.8817413877871026
       0.1520000000000000       0.8967470557530488
       0.1540000000000000       1.0602958922656547
       0.1560000000000000       1.0464737913872366
       0.1580000000000000       1.1341806098756306
       0.1600000000000000       0.9620625006461930
       0.1620000000000000       0.9204579261281073
       0.1640000000000000       0.8993331290990166
       0.1660000000000000       0.6310561386684429
       0.1680000000000000       0.9307662344368937
       0.1700000000000000       0.5547231504736458
       0.1720000000000000       0.8347657091847678
       0.1740000000000000       0.3443177123170369
       0.1760000000000000       0.5235390985068100
       0.1780000000000000       0.4841498652517882
       0.1800000000000000       0.3589149661292935
       0.1820000000000000       0.3469242651367153
       0.1840000000000000       0.4491054227280529
       0.1860000000000000      -0.0916816110885850
       0.1880000000000000       0.2127053976116813
       0.1900000000000000      -0.0430651099314155
       0.1920000000000000      -0.2707539840093942
       0.1940000000000000      -0.3158963083009495
       0.1960000000000000      -0.2303725272214883
       0.1980000000000000      -0.4599488880708149
       0.2000000000000000      -0.4280215273785192
       0.2020000000000000      -0.6277226632256162
       0.2040000000000000      -0.6319720178154553
       0.2060000000000000      -0.6244330038756598
       0.2080000000000000      -0.7034950615730741
       0.2100000000000000      -0.9176958563073850
       0.2120000000000000      -0.8413026092037091
       0.2140000000000000      -0.8949921781301970
       0.2160000000000000      -0.7315835865048497
       0.2180000000000000      -0.9130886950725289
       0.2200000000000000      -0.7414495409310351
       0.2220000000000000      -0.7485374477633208
       0.2240000000000000      -0.7677580902323704
       0.2260000000000000      -0.9526464647696151
       0.2280000000000000      -0.7496773855321732
       0.2300000000000000      -0.5399763295466720
       0.2320000000000000      -0.7981580309616487
       0.2340000000000000      -0.5975089620204236
       0.2360000000000000      -0.6371912014482334
       0.2380000000000000      -0.4333637959060868
       0.2400000000000000      -0.4084846563407956
       0.2420000000000000      -0.4557240556231109
       0.2440000000000000      -0.3425917673384499
       0.2460000000000000      -0.1668962725599415
       0.2480000000000000      -0.2787335486823636
       0.2500000000000000      -0.1476608479544883
       0.2520000000000000      -0.1091816140936566
       0.2540000000000000       0.1212518195440935
       0.2560000000000000      -0.0343529947735172
       0.2580000000000000       0.2047292800851296
       0.2600000000000000       0.2939454042502177
       0.2620000000000000       0.2279376631291049
       0.2640000000000000       0.4264655307315517
       0.2660000000000000       0.6085042856014351
       0.2680000000000000       0.5064393236778569
       0.2700000000000000       0.6963610993529656
       0.2720000000000000       0.6683796192615127
       0.2740000000000000       0.7982654794274763
       0.2760000000000000       0.6117214888209778
       0.2780000000000000       0.7617664796417410
       0.2800000000000000       0.7760901147824989
       0.2820000000000000       0.7599053861064164
       0.2840000000000000       0.7176270681933231
       0.2860000000000000       0.6725993145961680
       0.2880000000000000       0.7923502791468384
       0.2900000000000000       0.7208471107216194
       0.2920000000000000       0.5780663162377271
       0.2940000000000000       0.6159534013948005
       0.2960000000000000       0.6630799893885538
       0.2980000000000000       0.5054002085302071
       0.3000000000000000       0.5073903236495860
       0.3020000000000000       0.4689296367772418
       0.3040000000000000       0.4492778647891109
       0.3060000000000000       0.2634808771626838
       0.3080000000000000       0.2228904800250975
       0.3100000000000000       0.2389131062220208
       0.3120000000000000       0.0557430984740965
       0.3140000000000000      -0.1087422304594578
       0.3160000000000000       0.0397197005231822
       0.3180000000000000      -0.0487272616638202
       0.3200000000000000      -0.2082052716049305
       0.3220000000000000      -0.3005043245633939
       0.3240000000000000      -0.2614631417999992
       0.3260000000000000      -0.4867846970394403
       0.3280000000000000      -0.4184333150312980
       0.3300000000000000      -0.3047152061220293
       0.3320000000000000      -0.4471705848650166
       0.3340000000000000      -0.6705696639340569
       0.3360000000000000      -0.4935190382178150
       0.3380000000000000      -0.4161693492125503
       0.3400000000000000      -0.7463248049125224
       0.3420000000000000      -0.6007038602777895
       0.3440000000000000      -0.6194233654502433
       0.3460000000000000      -0.5396757931359485
       0.3480000000000000      -0.6129231836263777
       0.3500000000000000      -0.7092798845930595
       0.3520000000000000      -0.5578695682537189
       0.3540000000000000      -0.6765339437826124
       0.3560000000000000      -0.6290085942438310
       0.3580000000000000      -0.5899271830486371
       0.3600000000000000      -0.4029617778557647
       0.3620000000000000      -0.5883202731086483
       0.3640000000000000      -0.2781213782135000
       0.3660000000000000      -0.3386887553730157
       0.3680000000000000      -0.2202321262819634
       0.3700000000000000      -0.2611582648077213
       0.3720000000000001      -0.0246143607002607
       0.3740000000000000      -0.1300146088100467
       0.3760000000000000      -0.0925843847091929
       0.3779999999999999      -0.0082267455670761
       0.3800000000000000       0.1762079886567122
       0.3820000000000000      -0.1058965322650081
       0.3840000000000000       0.2124109462653975
       0.3860000000000000       0.2459296749247148
       0.3880000000000000       0.3899435639416358
       0.3900000000000000       0.2983869984455119
       0.3920000000000000       0.4647729263508252
       0.3940000000000000       0.4572056874554931
       0.3960000000000000       0.4371795756153994
       0.3980000000000000       0.4822987958949277
       0.4000000000000000       0.5444865989783398
       0.4020000000000000       0.4234509429787817
       0.4040000000000000       0.7829708305608639
       0.4060000000000000       0.4316049190494279
       0.4080000000000000       0.6039399591265465
       0.4100000000000000       0.5134801553301686
       0.4120000000000000       0.4481597613852427
       0.4140000000000000       0.5330468088316578
       0.4160000000000000       0.5602243408850538
       0.4180000000000000       0.4381583775039087
       0.4200000000000000       0.4444812567333922
       0.4220000000000000       0.2654410889866701
       0.4240000000000000       0.4589487542773418
       0.4260000000000000       0.2501954827312772
       0.4280000000000000       0.1611965406802822
       0.4300000000000000       0.4710457512931606
       0.4320000000000001       0.2240717396813585
       0.4340000000000000       0.0272390071520580
       0.4360000000000000       0.0161163404595252
       0.4379999999999999       0.1817385266886429
       0.4400000000000000      -0.1752677513803386
       0.4420000000000000      -0.1334938769446499
       0.4440000000000000      -0.1480169965568691
       0.4460000000000000      -0.0469550425068606
       0.4480000000000000      -0.2340896174362916
       0.4500000000000000      -0.0636150360665119
       0.4520000000000000      -0.2003622834756925
       0.4540000000000000      -0.2593522408573229
       0.4560000000000000      -0.1566798070568317
       0.4580000000000000      -0.2939630761284180
       0.4600000000000000      -0.2742462136451864
       0.4620000000000000      -0.2931554599753375
       0.4640000000000000      -0.1893455429630862
       0.4660000000000000      -0.5600838899149314
       0.4680000000000000      -0.0632323196293956
       0.4700000000000000      -0.3552802159234696
       0.4720000000000000      -0.3455842041479008
       0.4740000000000000      -0.4452937737929062
       0.4760000000000000      -0.1432003365556677
       0.4780000000000000      -0.3144378142705254
       0.4800000000000000      -0.3051167412793048
       0.4820000000000000      -0.5050944566868858
       0.4840000000000000      -0.2580132627323466
       0.4860000000000000      -0.4319086936683824
       0.4880000000000000      -0.2063306971510370
       0.4900000000000000      -0.1371629835040352
       0.4920000000000000      -0.3508371724187275
       0.4940000000000000      -0.1762990398654661
       0.4960000000000000      -0.0298187734936151
       0.4980000000000000       0.0127894435064600
       0.5000000000000000      -0.0161326624919840
       0.5020000000000000       0.1079082340007650
       0.5040000000000000      -0.0946129340872813
       0.5060000000000000       0.0227603442515619
       0.5080000000000000       0.1170419312740304
       0.5100000000000000       0.1446080780342788
       0.5120000000000000       0.0045178821247914
       0.5140000000000000       0.0960438869094579
       0.5160000000000000      -0.0365503101507427
       0.5180000000000000       0.1885547461811042
       0.5200000000000000       0.1246735519229394
       0.5220000000000000       0.4437673329824967
       0.5240000000000000       0.0903147033606865
       0.5260000000000000       0.2154823102893090
       0.5280000000000000       0.3013205569373208
       0.5300000000000000       0.2847166761083562
       0.5320000000000000       0.3380443493109915
       0.5340000000000000       0.1229519460620392
       0.5360000000000000       0.1659591428151748
       0.5379999999999999       0.4533204984905898
       0.5400000000000000       0.1502927183941649
       0.5420000000000000       0.1440481444146675
       0.5440000000000000       0.0946459527552641
       0.5460000000000000       0.2090477243157566
       0.5479999999999999      -0.0787923803289455
       0.5500000000000000       0.0511095437650651
       0.5520000000000000       0.1812669044186876
       0.5539999999999999      -0.0074385343719958
       0.5560000000000000      -0.0953135334550104
       0.5579999999999999       0.2395211455183874
       0.5600000000000001       0.0767808232719297
       0.5620000000000001       0.0918297783368612
       0.5639999999999999       0.2113438252391732
       0.5660000000000001       0.0222170076443122
       0.5679999999999999      -0.1291747418043369
       0.5700000000000000      -0.1108522471787523
       0.5720000000000001      -0.1873097550854090
       0.5740000000000000      -0.0052482079375380
       0.5760000000000001      -0.1668933403309010
       0.5780000000000000      -0.1953196105581196
       0.5800000000000000      -0.1549305636222997
       0.5820000000000001      -0.2427367680758215
       0.5840000000000000      -0.0620392917403899
       0.5860000000000000      -0.1283123869268054
       0.5880000000000000      -0.0445712059787874
       0.5900000000000000      -0.0546197961323409
       0.5920000000000001      -0.0181733667734576
       0.5940000000000000      -0.1255755679446423
       0.5960000000000000      -0.0073624549763717
       0.5980000000000000      -0.2250368063600532
       0.6000000000000000       0.0726391784844012
       0.6020000000000000      -0.1041859671614731
       0.6040000000000000      -0.1528950049179521
       0.6060000000000000      -0.2080706659742887
       0.6080000000000000       0.0468910212838964
       0.6100000000000000      -0.1101650713325629
       0.6120000000000000       0.0205405544199022
       0.6140000000000000       0.0080362069542867
       0.6160000000000000      -0.0369890067140023
       0.6180000000000000       0.0179167753902596
       0.6200000000000000      -0.0324743689918329
       0.6220000000000000       0.1113043609885835
       0.6240000000000000      -0.0996061073492237
       0.6260000000000000      -0.2095715923103615
       0.6280000000000000      -0.1481008840702349
       0.6300000000000000       0.1198668638215403
       0.6320000000000000       0.1294213970651863
       0.6340000000000000       0.0397082343790186
       0.6360000000000000       0.0364574596400005
       0.6380000000000000      -0.1103680485900683
       0.6400000000000000       0.0317249875864303
       0.6420000000000000      -0.0189385144007349
       0.6440000000000000       0.0337552059185318
       0.6459999999999999      -0.1681451339132216
       0.6480000000000000      -0.1688007652262464
       0.6500000000000000       0.0336009335168981
       0.6520000000000000      -0.1787409906345047
       0.6540000000000000      -0.0492960847017507
       0.6559999999999999       0.0298258058544807
       0.6579999999999999      -0.0703163362355930
       0.6600000000000000      -0.1343266996586162
       0.6620000000000000      -0.0060814818271525
       0.6640000000000000      -0.0766191790165752
       0.6659999999999999      -0.2014483016177129
       0.6679999999999999      -0.0637113911343204
       0.6700000000000000      -0.1720643526015802
       0.6720000000000000      -0.0341899571784532
       0.6740000000000000      -0.1515750527630614
       0.6759999999999999       0.1413235986765596
       0.6779999999999999      -0.1521006034079514
       0.6800000000000000      -0.0463517311744552
       0.6820000000000001      -0.0166210730164081
       0.6840000000000001      -0.0657195637333836
       0.6859999999999999       0.0513423284737957
       0.6879999999999999      -0.0483340235018637
       0.6899999999999999      -0.0969635389710262
       0.6920000000000001       0.0543253575188453
       0.6940000000000001       0.1057768875806503
       0.6960000000000000      -0.1350855990061412
       0.6980000000000000       0.1843400267099305
       0.7000000000000000       0.0913318116057218
       0.7020000000000001      -0.0112711876284990
       0.7040000000000001       0.1337806579546204
       0.7060000000000000       0.2874035197216024
       0.7080000000000000       0.2599683652248019
       0.7100000000000000       0.1632801716420397
       0.7120000000000001       0.2111764059641796
       0.7140000000000001       0.3786054672016446
       0.7160000000000000       0.0447899189437037
       0.7180000000000000       0.2355362980426464
       0.7200000000000000       0.2037932000344349
       0.7220000000000000       0.1670852105008072
       0.7240000000000001       0.2687968247740821
       0.7260000000000000       0.0492924545902459
       0.7280000000000000       0.1636085782659025
       0.7300000000000000       0.3712442001109908
       0.7320000000000000       0.2689908709110446
       0.7340000000000001       0.1177609131379599
       0.7360000000000000       0.2957766752361550
       0.7380000000000000       0.0694112701629138
       0.7400000000000000       0.1091220773856865
       0.7420000000000000       0.1528759951457028
       0.7440000000000001       0.1365169973597606
       0.7460000000000000       0.0832444812624752
       0.7480000000000000       0.0359346901461843
       0.7500000000000000      -0.0078104725509054
       0.7520000000000000      -0.0100254329219278
       0.7540000000000000      -0.0754090758746648
       0.7559999999999999      -0.0156661413265165
       0.7580000000000000       0.0647650073840047
       0.7600000000000000      -0.1350194636716538
       0.7620000000000000      -0.1972560166751263
       0.7640000000000000      -0.0764042490092195
       0.7659999999999999      -0.0763590660191700
       0.7680000000000000      -0.4488055236511343
       0.7700000000000000      -0.3604432609338984
       0.7720000000000000      -0.2023162981401750
       0.7740000000000000      -0.1712184538255976
       0.7759999999999999      -0.4547686423998458
       0.7780000000000000      -0.3219651725458443
       0.7800000000000000      -0.5094711486295651
       0.7820000000000000      -0.5149669355178901
       0.7840000000000000      -0.5077656892497238
       0.7859999999999999      -0.3627846001872465
       0.7879999999999999      -0.4473583130869043
       0.7900000000000000      -0.2466904891915324
       0.7920000000000000      -0.4585693768034569
       0.7940000000000000      -0.4050189369693323
       0.7959999999999999      -0.4138133006718159
       0.7979999999999999      -0.2989155140520573
       0.8000000000000000      -0.5202958231393868
       0.8020000000000000      -0.4268926715357943
       0.8040000000000000      -0.2360072847781627
       0.8059999999999999      -0.3179640567655187
       0.8079999999999999      -0.2207229470383735
       0.8100000000000001      -0.1755139665305623
       0.8120000000000001      -0.1640477481003707
       0.8140000000000001      -0.0997910511787899
       0.8159999999999999      -0.0574450054295910
       0.8179999999999999      -0.0606244632528981
       0.8200000000000000       0.0782292715179466
       0.8220000000000001       0.1173962385337495
       0.8240000000000001       0.1675977907953618
       0.8260000000000000       0.2797719653624962
       0.8280000000000000       0.2012002095796800
       0.8300000000000000       0.3401014077150923
       0.8320000000000001       0.2112771961724996
       0.8340000000000001       0.3424871735318314
       0.8360000000000000       0.2975895453783247
       0.8380000000000000       0.4115960962141180
       0.8400000000000000       0.3089408420675731
       0.8420000000000001       0.4180417043639436
       0.8440000000000001       0.5998556945539101
       0.8460000000000000       0.5323813455153623
       0.8480000000000000       0.4375565704318217
       0.8500000000000000       0.5861500670365233
       0.8520000000000000       0.4740195094282971
       0.8540000000000001       0.5163878245946961
       0.8560000000000000       0.4721523256535103
       0.8580000000000000       0.3021770606891278
       0.8600000000000000       0.3175808528657533
       0.8620000000000000       0.3985432739347903
       0.8640000000000001       0.3246913783820909
       0.8660000000000000       0.3485819288305677
       0.8680000000000000       0.3947795469649766
       0.8700000000000000       0.1578527996049202
       0.8720000000000000       0.3376317215834492
       0.8740000000000001       0.1802095671107117
       0.8759999999999999       0.1303774191125127
       0.8780000000000000      -0.0973317602001317
       0.8800000000000000      -0.1238525507292403
       0.8820000000000000      -0.0477232293769585
       0.8840000000000000      -0.2188553884101583
       0.8859999999999999      -0.0756074119667818
       0.8880000000000000      -0.2374459915191998
       0.8900000000000000      -0.2721225547966253
       0.8920000000000000      -0.3995842517744410
       0.8940000000000000      -0.3343200745529554
       0.8959999999999999      -0.3955457822820235
       0.8980000000000000      -0.6584217731419054
       0.9000000000000000      -0.5628291738041205
       0.9020000000000000      -0.6188776965953474
       0.9040000000000000      -0.5787164360826886
       0.9059999999999999      -0.4955530401952124
       0.9079999999999999      -0.5517828683640900
       0.9100000000000000      -0.6877543660331146
       0.9120000000000000      -0.5373944800491830
       0.9140000000000000      -0.6355858549959823
       0.9159999999999999      -0.6299981529995551
       0.9179999999999999      -0.5002713267031174
       0.9200000000000000      -0.5287241510331788
       0.9220000000000000      -0.6112037538976310
       0.9240000000000000      -0.6331749406736135
       0.9259999999999999      -0.4476159935421067
       0.9279999999999999      -0.4401305939202206
       0.9300000000000000      -0.2315648798636668
       0.9320000000000001      -0.5496276062701091
       0.9340000000000001      -0.4408198068592324
       0.9359999999999999      -0.1755785616093124
       0.9379999999999999      -0.1798909727570439
       0.9399999999999999      -0.1069484161689881
       0.9420000000000001      -0.0191973902670577
       0.9440000000000001       0.0204908049770477
       0.9460000000000000       0.0999317938810650
       0.9480000000000000       0.2715759498031639
       0.9500000000000000       0.1702747399549469
       0.9520000000000001       0.4714802053736180
       0.9540000000000001       0.4202398572825145
       0.9560000000000000       0.3411672897056610
       0.9580000000000000       0.4487916771459887
       0.9600000000000000       0.7399773268789412
       0.9620000000000001       0.5377158468386912
       0.9640000000000001       0.6345635458392687
       0.9660000000000000       0.6412609227543314
       0.9680000000000000       0.6954005335721080
       0.9700000000000000       0.7975200027980718
       0.9720000000000000       0.7490663325187712
       0.9740000000000001       0.8102090359477467
       0.9760000000000000       0.5916611008060686
       0.9780000000000000       0.6194434909353880
       0.9800000000000000       0.6978064688112496
       0.9820000000000000       0.7816954768410224
       0.9840000000000001       0.6126303084112334
       0.9860000000000000       0.6942437403273042
       0.9880000000000000       0.7085686717357602
       0.9900000000000000       0.5231183009880336
       0.9920000000000000       0.4125588824113938
       0.9940000000000001       0.5052595342148516
       0.9960000000000000       0.3774131859346874
       0.9980000000000000       0.1472109411358382
       1.0000000000000000       0.3875165896732161
       1.0020000000000000       0.1306536775432715
       1.0040000000000000       0.1074850700436863
       1.0060000000000000      -0.0748596189630944
       1.0080000000000000       0.0433011908080770
       1.0100000000000000      -0.1640767633205819
       1.0120000000000000      -0.3151444069525864
       1.0140000000000000      -0.1714668731891189
       1.0160000000000000      -0.6366402634961776
       1.0180000000000000      -0.5167015888142192
       1.0200000000000000      -0.4808544944463068
       1.0220000000000000      -0.6575193820219094
       1.0240000000000000      -0.6281418342386926
       1.0260000000000000      -0.7327778925586063
       1.0280000000000000      -0.7104152542334664
       1.0300000000000000      -0.7495362704702322
       1.0320000000000000      -0.8294542346863665
       1.0340000000000000      -0.7534388703154904
       1.0360000000000000      -0.9420579511286842
       1.0380000000000000      -0.8006180198195438
       1.0400000000000000      -0.8740601093425210
       1.0420000000000000      -0.7824323670138372
       1.0440000000000000      -0.7776527284828560
       1.0460000000000000      -0.8630853368879283
       1.0480000000000000      -0.5527980096059412
       1.0500000000000000      -0.5724674342795887
       1.0520000000000000      -0.6866284905540185
       1.0540000000000000      -0.4688875290565830
       1.0560000000000000      -0.4155893709564319
       1.0580000000000001      -0.1972910644514185
       1.0600000000000001      -0.4549469678555854
       1.0620000000000001      -0.0577137204891574
       1.0640000000000001      -0.1181560640712345
       1.0659999999999998      -0.1984946699559040
       1.0680000000000001       0.0690429588908558
       1.0700000000000001      -0.0348698888573815
       1.0720000000000001       0.1602112357148544
       1.0740000000000001       0.1877499554901623
       1.0759999999999998       0.1696757761591653
       1.0780000000000001       0.3040589177322813
       1.0800000000000001       0.4379980646472411
       1.0820000000000001       0.5042037594150250
       1.0840000000000001       0.6015372569199405
       1.0859999999999999       0.7897764007212913
       1.0880000000000001       0.6388286522439333
       1.0900000000000001       0.9068023285966264
       1.0920000000000001       0.8603629266221474
       1.0940000000000001       0.8719088987155270
       1.0959999999999999       0.8784452587933532
       1.0979999999999999       0.9199203297769480
       1.1000000000000001       0.7782016590166311
       1.1020000000000001       0.8389377765110003
       1.1040000000000001       0.7793861172209389
       1.1059999999999999       0.8343781344756502
       1.1079999999999999       0.8343577183060945
       1.1100000000000001       0.9232339774061865
       1.1120000000000001       0.7149446520562280
       1.1140000000000001       0.4990312076556497
       1.1159999999999999       0.6919997773824422
       1.1179999999999999       0.5587284494575832
       1.1200000000000001       0.4733291085146824
       1.1220000000000001       0.4851453654542664
       1.1240000000000001       0.3773800870210012
       1.1259999999999999       0.3449936648936183
       1.1279999999999999       0.0447061404387424
       1.1299999999999999      -0.0216216235563596
       1.1320000000000001       0.0338338207378011
       1.1340000000000001      -0.0874428391446758
       1.1359999999999999      -0.2193201616463051
       1.1379999999999999      -0.2735403841978852
       1.1399999999999999      -0.5326893654712153
       1.1420000000000001      -0.6354663157523435
       1.1440000000000001      -0.4235654627161013
       1.1459999999999999      -0.6283210433242047
       1.1479999999999999      -0.6186466908289026
       1.1499999999999999      -0.7492662847550218
       1.1520000000000001      -0.9023930453711468
       1.1540000000000001      -0.9851575531811810
       1.1559999999999999      -0.8471839070411430
       1.1579999999999999      -0.9377413341943480
       1.1599999999999999      -0.8809170711118504
       1.1619999999999999      -0.9788712960298730
       1.1640000000000001      -0.9400159147169922
       1.1659999999999999      -1.0667879167654775
       1.1679999999999999      -0.8192863169450438
       1.1699999999999999      -0.9425587625474472
       1.1719999999999999      -0.8862406780839082
       1.1740000000000002      -0.8463297465993871
       1.1759999999999999      -0.7326693373129445
       1.1779999999999999      -0.7121469257684362
       1.1799999999999999      -0.6385752703755587
       1.1819999999999999      -0.5299058608964438
       1.1840000000000002      -0.5619003689820983
       1.1859999999999999      -0.3726450862990016
       1.1879999999999999      -0.3029988488450406
       1.1899999999999999      -0.2253810454920522
       1.1919999999999999      -0.2740069699202539
       1.1940000000000000       0.0772204730979750
       1.1960000000000000       0.0389350144789893
       1.1980000000000000       0.3327007052275595
       1.2000000000000000       0.2330565986988350
       1.2020000000000000       0.4268829273474942
       1.2040000000000000       0.3440810553335182
       1.2060000000000000       0.5733815202446348
       1.2080000000000000       0.5124187888909209
       1.2100000000000000       0.7705945624216987
       1.2120000000000000       0.9712686019501541
       1.2140000000000000       0.9632283730563725
       1.2160000000000000       0.8643547059493737
       1.2180000000000000       0.9284674852074460
       1.2200000000000000       1.0615843606020103
       1.2220000000000000       0.8539648298360674
       1.2240000000000000       0.8709915706782352
       1.2260000000000000       0.8879503541168938
       1.2280000000000000       0.8005156239284421
       1.2300000000000000       0.8663220102071888
       1.2320000000000000       0.9652259632269184
       1.2340000000000000       0.9880891827646957
       1.2360000000000000       0.8867542649205810
       1.2380000000000000       0.7819154704245027
       1.2400000000000000       0.7098559025418997
       1.2420000000000000       0.8211812470314417
       1.2440000000000000       0.5970902164909380
       1.2460000000000000       0.4954094128573884
       1.2480000000000000       0.4368688994862161
       1.2500000000000000       0.2242745602831126
       1.2520000000000000       0.1768104603632544
       1.2540000000000000       0.2394537181583164
       1.2560000000000000      -0.0892277837957047
       1.2580000000000000      -0.0736473834779444
       1.2600000000000000      -0.0818350316395981
       1.2620000000000000      -0.2052406308667417
       1.2640000000000000      -0.3647487562453443
       1.2660000000000000      -0.4353138678470272
       1.2680000000000000      -0.4489653510856264
       1.2700000000000000      -0.6035846204783043
       1.2720000000000000      -0.8270031042000173
       1.2740000000000000      -0.8282016815903022
       1.2760000000000000      -0.9538988562195402
       1.2780000000000000      -1.1278421380066312
       1.2800000000000000      -0.8958018084998720
       1.2819999999999998      -0.9403835182451059
       1.2840000000000000      -0.8374489369248700
       1.2860000000000000      -1.0944096594383712
       1.2880000000000000      -1.0250433403319907
       1.2900000000000000      -1.0954525836729818
       1.2919999999999998      -0.8614405785147302
       1.2940000000000000      -0.8677038574629732
       1.2960000000000000      -0.9819802204883198
       1.2980000000000000      -0.8937004940587137
       1.3000000000000000      -0.7426064626668788
       1.3019999999999998      -0.7274461979988353
       1.3040000000000000      -0.6816272604151209
       1.3060000000000000      -0.4963075059640227
       1.3080000000000001      -0.5288424377087441
       1.3100000000000001      -0.4172279879278617
       1.3119999999999998      -0.5086764658675142
       1.3140000000000001      -0.3123068077660052
       1.3159999999999998      -0.2431897775345227
       1.3180000000000001      -0.0289005878922567
       1.3200000000000001       0.0214865624464423
       1.3219999999999998      -0.0405588079406492
       1.3240000000000001       0.1416349552494859
       1.3259999999999998       0.1937130440269075
       1.3280000000000001       0.3255088778860293
       1.3300000000000001       0.4833366590073011
       1.3319999999999999       0.4890264541982295
       1.3340000000000001       0.4836883987929126
       1.3359999999999999       0.6379376916543265
       1.3380000000000001       0.7709749872767084
       1.3400000000000001       0.9945577313769719
       1.3419999999999999       0.8542510626253532
       1.3440000000000001       0.8209199233338408
       1.3459999999999999       1.1207755191330149
       1.3480000000000001       0.9263616426424474
       1.3500000000000001       0.9858101626114705
       1.3519999999999999       1.0530299795351785
       1.3540000000000001       1.1072358862484997
       1.3559999999999999       0.9834202406360842
       1.3580000000000001       0.9817688944351383
       1.3600000000000001       0.8269498384406351
       1.3619999999999999       0.7964816441614273
       1.3640000000000001       0.8379204465323701
       1.3659999999999999       0.8039139193235342
       1.3680000000000001       0.6726606109270005
       1.3700000000000001       0.4604892539777752
       1.3719999999999999       0.5053968290976097
       1.3740000000000001       0.2357809602797075
       1.3759999999999999       0.1814705839574675
       1.3780000000000001       0.1320406148785411
       1.3799999999999999       0.0485572623118611
       1.3819999999999999       0.0644837489185861
       1.3840000000000001      -0.1459948018373473
       1.3859999999999999      -0.1038662613041684
       1.3880000000000001      -0.2150245199517322
       1.3899999999999999      -0.4051579771580432
       1.3919999999999999      -0.3336424240536774
       1.3940000000000001      -0.4488136248280846
       1.3959999999999999      -0.5261930511166384
       1.3980000000000001      -0.6940439509022724
       1.3999999999999999      -0.6966424208362819
       1.4019999999999999      -0.5954801425046332
       1.4040000000000001      -0.9688959606184213
       1.4059999999999999      -0.9899754020391427
       1.4080000000000001      -0.9235120054307240
       1.4099999999999999      -0.9648827634471659
       1.4119999999999999      -0.8841266217777758
       1.4140000000000001      -0.8344939446821343
       1.4159999999999999      -0.8738667244070889
       1.4180000000000001      -0.9116656186279168
       1.4199999999999999      -0.7859653716808810
       1.4219999999999999      -0.8725985573833095
       1.4240000000000002      -0.6031471666842417
       1.4259999999999999      -0.6729743103979430
       1.4280000000000002      -0.6348473364596973
       1.4299999999999999      -0.5087560195945167
       1.4319999999999999      -0.4657480453700921
       1.4340000000000002      -0.4235934221979668
       1.4359999999999999      -0.4156969814626248
       1.4380000000000002      -0.3977942219619047
       1.4399999999999999      -0.2075778048278718
       1.4419999999999999      -0.1595155285436491
       1.4440000000000000       0.0279390406140946
       1.4460000000000000      -0.0246836811712822
       1.4480000000000002       0.0380804288235455
       1.4500000000000000       0.2781922067570943
       1.4520000000000000       0.4496508689171504
       1.4540000000000000       0.3394018279165147
       1.4560000000000000       0.4562309277583227
       1.4580000000000002       0.6699409872690774
       1.4600000000000000       0.4187083778476012
       1.4620000000000000       0.5659384679936054
       1.4640000000000000       0.6318590494300529
       1.4660000000000000       0.6941064125741339
       1.4680000000000002       0.9390411886458357
       1.4700000000000000       0.7847684327019896
       1.4720000000000000       0.8516380800245674
       1.4740000000000000       0.8273227073473354
       1.4760000000000000       0.8713530362392294
       1.4780000000000002       0.9212662501772539
       1.4800000000000000       0.9123855257041004
       1.4820000000000000       1.1220324323263893
       1.4840000000000000       0.7734522701221849
       1.4860000000000000       0.7604651117152618
       1.4880000000000002       0.7730897439901980
       1.4900000000000000       0.5602243630095616
       1.4920000000000000       0.6216826776897977
       1.4940000000000000       0.7734402506597972
       1.4960000000000000       0.4948846969137965
       1.4980000000000002       0.3086576523664404
       1.5000000000000000       0.3465182998753871
       1.5019999999999998       0.3767678091980170
       1.5040000000000000       0.2951839401839489
       1.5060000000000000       0.0112379898852861
       1.5080000000000000       0.0583005773624654
       1.5100000000000000      -0.1394498763838973
       1.5119999999999998      -0.3283185434621694
       1.5140000000000000      -0.1613876525163938
       1.5160000000000000      -0.3018383304602759
       1.5180000000000000      -0.3123820520305729
       1.5200000000000000      -0.4664297102531310
       1.5219999999999998      -0.6505696808570879
       1.5240000000000000      -0.4585053702298741
       1.5260000000000000      -0.4527377939905382
       1.5280000000000000      -0.4693327420964241
       1.5300000000000000      -0.6884149899334648
       1.5319999999999998      -0.7637530826410741
       1.5340000000000000      -0.5619425404053413
       1.5360000000000000      -0.7917262760792392
       1.5380000000000000      -0.8014569926900900
       1.5400000000000000      -0.8162924357818941
       1.5419999999999998      -0.7483493949435376
       1.5440000000000000      -0.7176970284310257
       1.5460000000000000      -0.8541846315925538
       1.5480000000000000      -0.5428961575267073
       1.5500000000000000      -0.7958264646404973
       1.5519999999999998      -0.6936848662057550
       1.5540000000000000      -0.6949829906488859
       1.5560000000000000      -0.5157370951175163
       1.5580000000000001      -0.4474972174533207
       1.5600000000000001      -0.5448909622584421
       1.5619999999999998      -0.3181985920899698
       1.5640000000000001      -0.3339986417187657
       1.5659999999999998      -0.2149349839200989
       1.5680000000000001      -0.0631475009030027
       1.5700000000000001      -0.0774601899269475
       1.5719999999999998       0.0425189501909933
       1.5740000000000001       0.1503602631646872
       1.5759999999999998       0.1007115168444323
       1.5780000000000001       0.3203876135242029
       1.5800000000000001       0.2667248424477887
       1.5819999999999999       0.3078281862284279
       1.5840000000000001       0.4004456701747551
       1.5859999999999999       0.2607247783943017
       1.5880000000000001       0.5805906441266961
       1.5900000000000001       0.4348591327993342
       1.5919999999999999       0.4928217451723660
       1.5940000000000001       0.7056668934029139
       1.5959999999999999       0.6357160389932992
       1.5980000000000001       0.6241945939263804
       1.6000000000000001       0.6047623633584113
       1.6019999999999999       0.6078828600250528
       1.6040000000000001       0.5786757121380677
       1.6059999999999999       0.7746016205277031
       1.6080000000000001       0.5136834101022471
       1.6100000000000001       0.5866176516376785
       1.6119999999999999       0.6609121808270385
       1.6140000000000001       0.5204022565497460
       1.6159999999999999       0.3682759883266267
       1.6180000000000001       0.5111837683319955
       1.6200000000000001       0.5461444574626799
       1.6219999999999999       0.2574306854476286
       1.6240000000000001       0.4010078112599713
       1.6259999999999999       0.3107518429211566
       1.6280000000000001       0.1820034123693299
       1.6299999999999999       0.1284168451773260
       1.6319999999999999       0.0161633553872084
       1.6340000000000001       0.0165251280494603
       1.6359999999999999      -0.0520865787638741
       1.6380000000000001       0.0094309959756466
       1.6399999999999999      -0.3259505814835920
       1.6419999999999999      -0.2125860732402468
       1.6440000000000001      -0.4179963849137718
       1.6459999999999999      -0.4856668377879956
       1.6480000000000001      -0.5214483633475220
       1.6499999999999999      -0.3439192733560784
       1.6519999999999999      -0.4767612974938498
       1.6540000000000001      -0.2881330219139717
       1.6559999999999999      -0.4777889980074072
       1.6580000000000001      -0.5213032362151278
       1.6599999999999999      -0.6053058405495703
       1.6619999999999999      -0.4283668489224119
       1.6640000000000001      -0.5393060248260279
       1.6659999999999999      -0.5767812788058678
       1.6680000000000001      -0.4706789814545312
       1.6699999999999999      -0.5034801804674760
       1.6719999999999999      -0.4354847274679572
       1.6740000000000002      -0.6239390668902005
       1.6759999999999999      -0.4435498175277091
       1.6780000000000002      -0.3688854098422810
       1.6799999999999999      -0.3593901661497660
       1.6819999999999999      -0.3204339517299600
       1.6840000000000002      -0.5163039098092452
       1.6859999999999999      -0.2382579442275868
       1.6880000000000002      -0.2305725073196739
       1.6899999999999999      -0.2844067808629394
       1.6919999999999999      -0.0469921541885056
       1.6940000000000000       0.1921736692611191
       1.6960000000000000      -0.1086923131879020
       1.6980000000000002       0.1111580347477689
       1.7000000000000000       0.0941389012979856
       1.7020000000000000       0.2315806979943846
       1.7040000000000000       0.1572223616428982
       1.7060000000000000       0.1206944113364873
       1.7080000000000002       0.1895451303551703
       1.7100000000000000       0.3747111117989126
       1.7120000000000000       0.3350097291014534
       1.7140000000000000       0.2585129606586771
       1.7160000000000000       0.2755883070957836
       1.7180000000000002       0.3852560585316779
       1.7200000000000000       0.5231388572105444
       1.7220000000000000       0.4940197185924228
       1.7240000000000000       0.4172726283040036
       1.7260000000000000       0.3717407894680695
       1.7280000000000002       0.4609876453282636
       1.7300000000000000       0.2543096777343392
       1.7320000000000000       0.3379687958731812
       1.7340000000000000       0.4532662988727569
       1.7360000000000000       0.2138677332120175
       1.7380000000000002       0.2562560499102943
       1.7400000000000000       0.3600724283786295
       1.7420000000000000       0.2698975162931819
       1.7440000000000000       0.1934340288738297
       1.7460000000000000       0.0516372248895010
       1.7480000000000002       0.2321295995533355
       1.7500000000000000       0.1482732465186018
       1.7519999999999998       0.1247940903207628
       1.7540000000000000       0.1180579807745476
       1.7560000000000000       0.2020584727279853
       1.7580000000000000      -0.0324790906530364
       1.7600000000000000       0.0583579541699138
       1.7619999999999998       0.0815705190838013
       1.7640000000000000      -0.0083245675343463
       1.7660000000000000      -0.1789998027982325
       1.7680000000000000      -0.1538119103720111
       1.7700000000000000      -0.1766354674283995
       1.7719999999999998      -0.3305021516064547
       1.7740000000000000      -0.1963875017215344
       1.7760000000000000      -0.2646400159891992
       1.7780000000000000      -0.3456901162479906
       1.7800000000000000      -0.2378742629508931
       1.7819999999999998      -0.3088790663291244
       1.7840000000000000      -0.3641746993701523
       1.7860000000000000      -0.1080208364895845
       1.7880000000000000      -0.1869595844231629
       1.7900000000000000      -0.3507475106510111
       1.7919999999999998      -0.2113665654979344
       1.7940000000000000      -0.2644278057471843
       1.7960000000000000      -0.2909647394614449
       1.7980000000000000      -0.1915809319259458
       1.8000000000000000      -0.3662736143884597
       1.8019999999999998      -0.1217765729025577
       1.8040000000000000      -0.1731215658128117
       1.8060000000000000      -0.2059776255674602
       1.8080000000000001       0.0321207953225534
       1.8100000000000001      -0.1443814027603168
       1.8119999999999998      -0.1314217052139088
       1.8140000000000001      -0.2843001942576078
       1.8159999999999998       0.0683953518992494
       1.8180000000000001       0.0002075203692508
       1.8200000000000001       0.0173773926722695
       1.8219999999999998      -0.0370969652688231
       1.8240000000000001      -0.0178205640415766
       1.8259999999999998       0.0809874983337045
       1.8280000000000001       0.0949442757486051
       1.8300000000000001       0.0100634050305695
       1.8319999999999999      -0.0013463461898171
       1.8340000000000001       0.0918012973344495
       1.8359999999999999       0.0395051627808524
       1.8380000000000001       0.1534114180729138
       1.8400000000000001       0.1791559052373561
       1.8419999999999999       0.2591284002052048
       1.8440000000000001       0.2815227790783386
       1.8459999999999999       0.0675030696395046
       1.8480000000000001       0.1665458577455891
       1.8500000000000001       0.0929397467188872
       1.8519999999999999       0.0042173756908488
       1.8540000000000001      -0.0223223737161066
       1.8559999999999999      -0.0204052983808791
       1.8580000000000001       0.1515347193448461
       1.8600000000000001       0.0036120650175981
       1.8619999999999999       0.0583925234506141
       1.8640000000000001       0.0663488435639621
       1.8659999999999999      -0.0540907997891561
       1.8680000000000001      -0.0074585310146297
       1.8700000000000001       0.0938016396341099
       1.8719999999999999      -0.0737352803866582
       1.8740000000000001      -0.0498405554032878
       1.8759999999999999       0.0102593075527220
       1.8780000000000001       0.0397148904432621
       1.8799999999999999      -0.0037077056588239
       1.8819999999999999       0.0998235836740587
       1.8840000000000001      -0.1457051606580447
       1.8859999999999999      -0.0505375970557652
       1.8880000000000001      -0.0188888947665680
       1.8899999999999999      -0.0548337869221354
       1.8919999999999999      -0.2037420619103145
       1.8940000000000001      -0.0211697118315160
       1.8959999999999999       0.0074216619849127
       1.8980000000000001       0.0202551838444679
       1.8999999999999999      -0.0848380638086414
       1.9019999999999999      -0.0262662118348232
       1.9040000000000001      -0.0502396035440651
       1.9059999999999999       0.1574121369340082
       1.9080000000000001       0.1779958812590049
       1.9099999999999999       0.0388310113254289
       1.9119999999999999       0.1069420910441061
       1.9140000000000001       0.2040803544068312
       1.9159999999999999       0.0308088024607591
       1.9180000000000001       0.1224924733703527
       1.9199999999999999       0.1764798286625817
       1.9219999999999999       0.0403676904580612
       1.9240000000000002       0.0761021435012682
       1.9259999999999999       0.1791541622850636
       1.9280000000000002       0.0052657013687310
       1.9299999999999999       0.1798195933701046
       1.9319999999999999       0.2116515512879969
       1.9340000000000002       0.5481931277703659
       1.9359999999999999      -0.0326482699176606
       1.9380000000000002       0.0647936832990421
       1.9399999999999999       0.1440202367996574
       1.9419999999999999       0.2038606016892221
       1.9440000000000000      -0.0291277476307533
       1.9460000000000000       0.0015412925214891
       1.9480000000000002      -0.0197971174132063
       1.9500000000000000      -0.1425303339159684
       1.9520000000000000       0.0352579637774217
       1.9540000000000000       0.0426278091106290
       1.9560000000000000      -0.1425030987504539
       1.9580000000000002      -0.0946705244560094
       1.9600000000000000      -0.0940968380446677
       1.9620000000000000      -0.0872265036818332
       1.9640000000000000      -0.1363481070480931
       1.9660000000000000      -0.0918857576010335
       1.9680000000000002      -0.1064172009899282
       1.9700000000000000      -0.2349512552063074
       1.9720000000000000      -0.2240798237490580
       1.9740000000000000      -0.3516911676035285
       1.9760000000000000      -0.0591427661209067
       1.9780000000000002      -0.2674723316333388
       1.9800000000000000      -0.2860495485723858
       1.9820000000000000      -0.3380259999646837
       1.9840000000000000      -0.2574174911431549
       1.9860000000000000      -0.1524173564791036
       1.9880000000000002      -0.3743315166244986
       1.9900000000000000      -0.0530274847286835
       1.9920000000000000      -0.2190418776037411
       1.9940000000000000      -0.2011396054841628
       1.9960000000000000      -0.1385421825257294
       1.9980000000000002      -0.1336954763558213
