5.000000000000000104e-03 2.910683757576753461e+00 4.402078125069201070e-02
1.499999999999999944e-02 2.743787838134081447e+00 6.975473722844080515e-02
2.499999999999999792e-02 2.778605995531862494e+00 1.306501705263789052e-02
3.499999999999999639e-02 2.716518478135223624e+00 6.476229194472927359e-03
4.499999999999999140e-02 2.539365099739646858e+00 1.135710788011421030e-01
5.499999999999998640e-02 2.594461497313315324e+00 6.713973571807173302e-02
6.499999999999998834e-02 2.539262931492229480e+00 1.686637854889549634e-02
7.499999999999999722e-02 2.509357291112671806e+00 3.126058960746792154e-02
8.499999999999999223e-02 2.491238641717482771e+00 5.084939401658827851e-02
9.499999999999998723e-02 2.411033039969142866e+00 1.579326056905469566e-02
1.049999999999999822e-01 2.371729890533829987e+00 2.011273586116305023e-02
1.149999999999999911e-01 2.291456220940552235e+00 6.414259935421280645e-02
1.249999999999999861e-01 2.258724728171134455e+00 7.137712787685961124e-02
1.349999999999999811e-01 2.239668378802158966e+00 3.727652505764860597e-02
1.449999999999999900e-01 2.158750671049975978e+00 6.848977613376734663e-02
1.549999999999999711e-01 2.218513356524415059e+00 4.076367049511620683e-02
1.649999999999999800e-01 2.152201688314853367e+00 3.395591081287022139e-02
1.749999999999999889e-01 2.016805631187901682e+00 1.358805422000781693e-01
1.849999999999999700e-01 2.112523892628922706e+00 2.103243286070643342e-02
1.949999999999999789e-01 2.042134065713272939e+00 3.094407734991629078e-02
2.049999999999999600e-01 2.163773907867839519e+00 1.448999341821868292e-01
2.149999999999999689e-01 1.949817409446244154e+00 3.897474961411122318e-02
2.249999999999999778e-01 1.999116654054091002e+00 2.175530123062999546e-02
2.349999999999999589e-01 1.929951882425990251e+00 2.157336952041465084e-02
2.449999999999999678e-01 1.901008234855651180e+00 1.099200295436322805e-02
2.549999999999999489e-01 1.887816399207508544e+00 8.132118834227057905e-03
2.649999999999999578e-01 1.836237042434988087e+00 1.667220284135186026e-02
2.749999999999999667e-01 1.807542029181888221e+00 2.394495476501866393e-02
2.849999999999999756e-01 1.811410051473383076e+00 1.207212773866572428e-02
2.949999999999999845e-01 1.773035091074572023e+00 2.493668258014354253e-02
3.049999999999999378e-01 1.769219473033680767e+00 1.863156920809947575e-02
3.149999999999999467e-01 1.742859955996743482e+00 2.390280826958582350e-02
3.249999999999999556e-01 1.727701363805653978e+00 3.751213290194125444e-02
3.349999999999999645e-01 1.712908930719462708e+00 1.012397585171773695e-01
3.449999999999999734e-01 1.713001953741336347e+00 5.031731604768851368e-02
3.549999999999999267e-01 1.655460096371102141e+00 1.193363364780692694e-02
3.649999999999999356e-01 1.915074006211067603e+00 2.425770369038610097e-01
3.749999999999999445e-01 1.635433801830056710e+00 1.873706905558305061e-02
3.849999999999999534e-01 1.511235484717842192e+00 4.506137201336814918e-02
3.949999999999999623e-01 1.387304087477847947e+00 1.121011691266433213e-01
4.049999999999999156e-01 1.568524469721717329e+00 2.972500166889880703e-03
4.149999999999999245e-01 1.524923077880934841e+00 5.446908989045295968e-02
4.249999999999999334e-01 1.548643562094307757e+00 7.816583291780436482e-02
4.349999999999999423e-01 1.512963721348580481e+00 3.047857938150692197e-02
4.449999999999999512e-01 1.544086572097013388e+00 1.397676096606350338e-01
4.549999999999999600e-01 1.579635660320320323e+00 4.175745880590409076e-02
4.649999999999999134e-01 1.426676412183908393e+00 6.575951887630958337e-02
4.749999999999999223e-01 1.468220374435659226e+00 1.076878099390301546e-01
4.849999999999999312e-01 1.453841516605351769e+00 2.313397880257780648e-01
4.949999999999999400e-01 1.259398512887648147e+00 1.630212741911973851e-01
5.049999999999998934e-01 1.389892954000780945e+00 3.303946912112209339e-02
5.149999999999999023e-01 1.375858518477251824e+00 1.262840606263628540e-01
5.249999999999999112e-01 1.394789697923789040e+00 6.643390617898257966e-02
5.349999999999999201e-01 1.398646601724795380e+00 3.975410016486405351e-02
5.449999999999999289e-01 1.303342889281969841e+00 3.466880071165127919e-02
5.549999999999999378e-01 1.266635887922253678e+00 6.039665996873939957e-02
5.649999999999999467e-01 1.370129708881684172e+00 1.254994694736453510e-02
5.749999999999999556e-01 1.326014771021756911e+00 8.824377442852979203e-02
5.849999999999999645e-01 1.349293816046672978e+00 2.396655407997160328e-02
5.949999999999998623e-01 1.311448454180016432e+00 1.911422948333883765e-02
6.049999999999998712e-01 1.297653200924605343e+00 1.736736826177295856e-02
6.149999999999998801e-01 1.700375436084886172e+00 1.848752344780804635e-01
6.249999999999998890e-01 1.096569726133822531e+00 1.619930690616524505e-01
6.349999999999998979e-01 1.273706738208955302e+00 1.034907383190253154e-02
6.449999999999999067e-01 1.306324880388199716e+00 4.444733956053361495e-02
6.549999999999999156e-01 1.270680248486909525e+00 7.732134120549126466e-02
6.649999999999999245e-01 1.217110691281514612e+00 2.565139681275451292e-02
6.749999999999999334e-01 1.257191633606850933e+00 3.584954849671601051e-02
6.849999999999999423e-01 1.259017086854650858e+00 2.027209823536308547e-02
6.949999999999999512e-01 1.160966740841379963e+00 5.029480025462912396e-02
7.049999999999998490e-01 1.220327129236128627e+00 1.694634575601473500e-02
7.149999999999998579e-01 1.355042912402857791e+00 1.599983137776240794e-01
7.249999999999998668e-01 1.260146201649934516e+00 2.259989763149662309e-02
7.349999999999998757e-01 1.167687951658061829e+00 1.817774237862646719e-02
7.449999999999998845e-01 1.134524121461393253e+00 1.049317604313566576e-01
7.549999999999998934e-01 1.204772230657818355e+00 1.209515094249871831e-01
7.649999999999999023e-01 1.120588230250911810e+00 8.058621281382134793e-02
7.749999999999999112e-01 1.107202338313468371e+00 9.001017107091205394e-02
7.849999999999999201e-01 1.156941178499834244e+00 4.998660628329504307e-02
7.949999999999999289e-01 1.193822783897409145e+00 3.409802473620109076e-02
8.049999999999998268e-01 1.151377902424379540e+00 1.780173125863962133e-02
8.149999999999998357e-01 1.258927653291574966e+00 1.036608632660889900e-01
8.249999999999998446e-01 1.441388279669444827e+00 3.227519773267942260e-01
8.349999999999998535e-01 1.165145497619516579e+00 1.116204598493879263e-02
8.449999999999998623e-01 1.366017861977739889e+00 1.363980051886689304e-01
8.549999999999998712e-01 1.142062916493142177e+00 8.367246945128145943e-03
8.649999999999998801e-01 1.138699404195110176e+00 2.244532348702120705e-01
8.749999999999998890e-01 1.257040909797132455e+00 1.146847280644709699e-01
8.849999999999998979e-01 1.219614188938604515e+00 6.577963850387680278e-02
8.949999999999999067e-01 1.167499004830110376e+00 3.865023882794273863e-02
9.049999999999999156e-01 1.110814670148757566e+00 3.596188916547636560e-02
9.149999999999998135e-01 1.079249394021538633e+00 9.433065918063271438e-02
9.249999999999998224e-01 1.085870530751350538e+00 2.536130355337232190e-02
9.349999999999998312e-01 1.006118951764335856e+00 2.718455700382402251e-01
9.449999999999998401e-01 1.094252631282330190e+00 2.006768681928008946e-02
9.549999999999998490e-01 1.092829771236506486e+00 3.396225492612296726e-02
9.649999999999998579e-01 1.099782785700811782e+00 1.537493727046671671e-02
9.749999999999998668e-01 1.107664963528975033e+00 6.547794529983006276e-03
9.849999999999998757e-01 1.128049838905758273e+00 3.249805995646747048e-02
9.949999999999998845e-01 1.095713048747781304e+00 2.274332651223610544e-02
