#RESOURCE=yCat_17330124
#Name: J/ApJ/733/124
#Title: Cepheids in M101 observed with HST (Shappee+, 2011)
#Table J_ApJ_733_124_cepheids:
#Name: J/ApJ/733/124/cepheids
#Title: Cepheid variables data  }
#---Details of Columns:
    Per (d)      (F10.6) Period [ucd=time.period]
    e_Per (d)    (F9.6)  Uncertainty in Per [ucd=stat.error]
    Vmag (mag)   (F6.3)  Mean HST V band magnitude [ucd=phot.mag;em.opt.V]
    e_Vmag (mag) (F6.3)  Uncertainty in Vmag [ucd=stat.error;phot.mag;em.opt.V]
---------- --------- ------ ------
Per(d)  e_Per(d)  V_mag(mag)  e_Vmag(mag)
40.934500  1.031500  22.985  0.008
 75.373900  2.238600  22.676  0.016
 49.414300  2.378600  23.290  0.019
 42.683300  3.653200  23.412  0.044
 30.881300  0.712800  23.532  0.014
 27.260100  0.410500  23.626  0.016
 21.792600  0.364900  23.669  0.021
 30.405500  0.757500  23.699  0.015
 30.419300  0.523700  23.728  0.016
 22.837300  0.100500  23.776  0.013
 23.341300  0.364500  23.800  0.011
 28.477000  0.607800  23.515  0.013
 58.215700  1.761600  23.539  0.011
 58.699800  5.242400  23.641  0.034
 33.742900  1.084900  23.636  0.018
 43.443400  1.407100  23.701  0.012
 30.191200  0.551800  23.823  0.014
 39.712800  0.805200  23.656  0.012
 39.221700  0.729100  23.770  0.011
 30.864600  0.643200  23.799  0.016
 21.165200  0.222700  24.068  0.019
 21.895400  0.478000  24.148  0.028
 62.023700  2.111100  23.689  0.013
 21.803100  0.288900  23.928  0.014
 30.199300  0.247200  24.149  0.021
 19.317600  0.103300  24.063  0.013
 24.059600  0.748400  23.875  0.017
 23.634300  0.312100  24.095  0.015
 21.318700  0.367000  23.940  0.013
 26.946300  0.445300  23.899  0.013
 26.483800  0.280200  24.065  0.021
 28.563900  0.846500  24.021  0.012
 20.359400  0.171900  24.055  0.015
 19.912800  0.525200  24.203  0.030
 17.733200  0.154000  24.228  0.017
 26.406000  0.196200  24.303  0.018
 30.038900  0.636900  24.128  0.020
 17.648900  0.277600  24.154  0.016
 45.968600  1.216300  24.118  0.015
 17.982500  0.083300  24.189  0.011
 16.262600  0.128300  24.185  0.013
 20.752200  0.275600  23.991  0.011
 23.498400  0.265600  24.338  0.013
 19.014200  0.159600  24.264  0.013
 27.692200  0.371400  24.234  0.024
 23.292000  0.517200  24.400  0.027
 29.828800  1.002200  24.147  0.028
 13.272300  0.230100  24.328  0.018
 22.993200  0.218800  24.444  0.012
 19.341000  0.166800  24.136  0.018
 34.072600  0.818300  24.292  0.017
 18.311700  0.376700  24.326  0.023
 27.068000  0.300800  24.355  0.023
 18.303600  0.218500  24.351  0.019
 30.670700  0.540500  24.321  0.018
 23.924500  0.165000  24.379  0.024
 20.536500  0.297800  24.426  0.021
 14.257900  0.090600  24.524  0.016
 18.703200  0.188000  24.506  0.018
 29.446600  0.234900  24.478  0.026
 28.603900  0.266100  24.505  0.029
 27.100800  0.583200  24.248  0.015
 19.682500  0.149000  24.406  0.015
 28.922200  0.245300  24.515  0.026
 17.787800  0.226000  24.378  0.028
 32.749000  0.985900  24.172  0.023
 35.707600  1.505100  24.444  0.023
 24.317400  0.809400  24.230  0.023
 23.088300  0.214900  24.503  0.018
 26.724600  0.152700  24.458  0.021
 30.490700  0.697500  24.532  0.018
 21.420700  0.169600  24.295  0.022
 12.916100  0.147500  24.493  0.023
 26.158200  0.430300  24.488  0.016
 26.009900  0.468800  24.366  0.017
 13.558600  0.093200  24.600  0.017
 16.700500  0.112600  24.533  0.014
 13.611700  0.176500  24.711  0.024
 19.328100  0.289700  24.613  0.023
 16.772300  0.184100  24.566  0.021
 50.625000  10.701500  24.376  0.037
 12.834700  0.137500  24.511  0.020
 28.112800  0.464700  24.601  0.021
 13.829600  0.309300  24.550  0.024
 16.496900  0.204800  24.430  0.021
 15.452200  0.270000  24.583  0.015
 17.555000  0.286200  24.674  0.020
 17.410200  0.192700  24.454  0.018
 25.692000  0.644500  24.453  0.020
 17.237300  0.187300  24.692  0.016
 20.562500  0.169600  24.514  0.023
 17.197700  0.172700  24.611  0.017
 15.722200  0.127100  24.565  0.016
 26.117600  0.463300  24.401  0.018
 18.167600  0.224100  24.675  0.018
 21.532000  0.225400  24.765  0.021
 12.328500  0.142300  24.659  0.016
 22.229500  0.287600  24.639  0.023
 24.381000  0.450800  24.454  0.020
 16.271000  0.333000  24.573  0.027
 10.031000  0.099900  24.764  0.023
 14.763800  0.143200  24.615  0.025
 16.768300  0.171900  24.753  0.022
 10.623400  0.162500  24.719  0.024
 14.041800  0.141400  24.749  0.019
 15.991300  0.225700  24.780  0.018
 16.644800  0.346800  24.754  0.017
  9.451300  0.144900  24.856  0.016
  5.750200  0.046600  24.789  0.015
 25.069800  0.348900  24.733  0.019
 11.598700  0.123700  24.719  0.022
 14.986700  0.174700  24.724  0.020
 33.252300  0.801500  24.650  0.024
 22.536700  0.176000  24.539  0.016
 14.392100  0.112300  24.791  0.022
 14.716000  0.140700  24.866  0.022
 25.435700  0.494500  25.193  0.022
  9.887100  0.112000  24.743  0.017
 12.206000  0.092700  24.914  0.018
 15.797700  0.203500  24.929  0.019
 12.710000  0.167800  24.912  0.021
 29.548000  0.654200  24.700  0.018
  9.928400  0.055200  24.824  0.022
 11.317400  0.154100  24.780  0.025
 12.846500  0.143900  24.792  0.020
 11.254500  0.217400  24.930  0.022
  8.139000  0.074900  24.719  0.022
 11.538600  0.074500  24.827  0.020
 22.249100  0.196800  24.739  0.022
 11.441500  0.124100  24.880  0.020
 14.806600  0.343900  24.891  0.024
 18.098000  0.367900  24.595  0.027
 10.263200  0.141200  24.786  0.025
 14.538600  0.215700  24.920  0.022
 13.428700  0.148500  24.852  0.021
 22.321000  0.315200  24.561  0.018
 11.391000  0.081100  24.716  0.020
 14.964900  0.100900  24.892  0.021
 14.310800  0.140600  25.038  0.022
 16.137200  0.255800  24.822  0.021
 20.913500  0.494700  24.689  0.019
 16.569400  0.164400  24.836  0.020
 13.401500  0.097600  24.943  0.023
 10.831300  0.106600  24.942  0.020
 16.078400  0.220400  24.693  0.022
 22.538900  0.322300  24.858  0.040
  8.176800  0.153600  25.056  0.018
 19.503200  0.290000  24.674  0.020
 11.303100  0.166300  24.894  0.022
 14.383500  0.179100  24.892  0.021
 18.833500  0.188400  24.787  0.023
 16.074900  0.254600  24.950  0.023
  6.283800  0.061300  24.894  0.016
 16.223600  0.496600  24.858  0.027
 11.343300  0.103300  24.887  0.020
 13.793500  0.298000  25.517  0.037
 11.718600  0.189700  24.756  0.023
 16.291600  0.178100  24.877  0.019
 12.145900  0.122800  24.841  0.020
 10.607100  0.134000  25.023  0.022
 21.501400  0.560200  24.805  0.020
 10.603000  0.103500  24.960  0.024
 14.952500  0.163900  24.895  0.025
 10.103000  0.069400  24.996  0.017
 11.187000  0.116400  25.049  0.019
 10.849400  0.087600  25.731  0.054
 14.844900  0.224800  24.839  0.026
 10.179500  0.105700  24.962  0.020
 18.954900  0.593300  25.103  0.027
 12.139600  0.231800  25.005  0.030
 13.641700  0.151800  24.965  0.022
 16.526900  0.405600  25.018  0.024
  9.840600  0.061700  24.976  0.018
 12.418900  0.183600  25.033  0.030
  7.429100  0.048600  24.926  0.022
 11.537300  0.112100  24.998  0.023
 14.280200  0.191200  24.936  0.020
 19.519400  1.295500  24.895  0.033
  6.515600  0.020500  25.221  0.020
 10.081000  0.102900  25.026  0.023
 17.130600  0.323100  24.940  0.020
 10.967200  0.234500  25.020  0.026
 14.333400  0.193800  25.017  0.024
  5.337000  0.074700  25.061  0.022
 15.420700  0.201600  25.150  0.027
 12.052900  0.083600  25.150  0.020
 16.126400  0.173100  24.978  0.019
 11.361800  0.083800  25.121  0.021
  9.879200  0.051100  25.090  0.019
 10.769100  0.109200  25.023  0.022
  8.164700  0.055400  25.175  0.023
 17.810900  0.249700  25.037  0.021
 15.709700  0.191400  24.986  0.024
 16.752500  0.163900  25.145  0.026
  8.106200  0.072000  25.169  0.020
  6.027700  0.035200  25.092  0.021
 11.715200  0.155700  24.998  0.021
  8.775300  0.115400  25.064  0.022
 18.994100  0.563200  24.975  0.023
 19.282100  0.653300  24.976  0.026
 16.131400  0.099300  25.092  0.019
 12.520200  0.100300  24.991  0.024
 18.043800  0.308500  24.882  0.021
  7.432200  0.068500  25.060  0.021
  8.274500  0.063000  25.102  0.022
 12.907800  0.113800  25.136  0.021
  9.147600  0.076000  25.119  0.025
 11.768600  0.094400  25.103  0.022
 11.751600  0.143900  25.172  0.035
  9.972900  0.067400  25.110  0.023
 12.470200  0.101900  25.046  0.020
  8.093900  0.038100  25.166  0.019
  3.986800  0.020400  25.233  0.021
 18.966900  0.235400  24.957  0.032
 15.228700  0.129400  25.211  0.029
 12.882700  0.157300  25.154  0.025
  9.323500  0.093100  25.179  0.023
 10.597000  0.138200  25.304  0.023
 15.991800  0.169600  24.979  0.024
  7.944900  0.080000  25.191  0.026
 12.042800  0.061300  25.145  0.021
  7.506100  0.069300  25.196  0.025
  8.629700  0.031000  25.101  0.021
 12.323100  0.150700  25.071  0.022
 19.452000  0.560500  25.228  0.050
 12.026200  0.205900  25.076  0.024
  7.640600  0.046000  25.255  0.019
 16.139300  0.139300  25.036  0.019
  9.265700  0.244500  25.289  0.024
  7.264100  0.031400  25.287  0.026
 15.382800  0.232800  25.223  0.026
 10.944000  0.134700  25.122  0.022
  8.917800  0.115900  25.251  0.027
  7.727200  0.059900  25.878  0.047
  7.784900  0.048100  25.206  0.021
  9.715000  0.113900  25.083  0.027
 10.572100  0.117100  25.281  0.022
 11.578800  0.138600  25.288  0.023
  7.418700  0.074900  25.344  0.023
  7.398700  0.087600  25.153  0.035
 10.569500  0.140900  25.269  0.026
  7.121800  0.037800  25.194  0.024
  7.014900  0.053400  25.362  0.023
  4.396000  0.066200  25.287  0.022
 10.029500  0.091100  25.238  0.022
  7.040800  0.038100  25.349  0.027
 17.175300  0.186900  25.225  0.026
  6.930600  0.060200  25.338  0.023
  7.668200  0.073500  25.327  0.022
  6.803300  0.066900  25.388  0.025
  9.895800  0.109600  25.241  0.027
  8.324900  0.053100  25.334  0.025
  4.009900  0.032100  25.379  0.021
  6.893800  0.062200  25.497  0.024
  4.989400  0.049700  25.259  0.023
  6.131900  0.025500  25.363  0.024
  5.244800  0.023700  25.454  0.025
  4.582000  0.027000  25.387  0.027
 12.370500  0.240900  25.203  0.031
  6.427300  0.019200  25.394  0.020
  9.966300  0.222500  25.267  0.036
  7.804500  0.066200  25.350  0.029
  7.999200  0.056700  25.359  0.023
 12.062900  0.181000  25.317  0.031
  6.422800  0.034300  25.370  0.025
  6.430000  0.035100  25.295  0.027
  6.808800  0.048500  25.475  0.025
  7.652400  0.077600  25.459  0.032
  7.638300  0.084300  25.378  0.025
  6.764500  0.066900  25.448  0.026
  7.148100  0.102800  25.452  0.024
  8.637200  0.046400  25.378  0.023
  6.535500  0.040600  25.440  0.027
  9.481900  0.142300  25.343  0.029
 11.266900  0.193700  25.329  0.026
 11.393100  0.162800  25.443  0.032
  7.806900  0.211800  25.637  0.033
  8.892900  0.118500  25.581  0.030
  6.334800  0.056400  25.361  0.028
 10.071200  0.180900  25.375  0.025
  7.743800  0.072700  25.432  0.030
  7.752400  0.151000  25.389  0.035
  8.250700  0.060500  25.400  0.027
 12.001600  0.119500  25.242  0.032
 10.086800  0.182900  25.398  0.025
  5.589700  0.048900  25.510  0.027
  8.016300  0.052200  25.655  0.049
  7.414000  0.030200  25.536  0.027
 12.021600  0.212600  25.433  0.029
 10.779700  0.186500  25.538  0.030
  7.385500  0.035800  25.445  0.029
  8.605700  0.198300  25.482  0.038
  6.300200  0.047800  25.338  0.047
 17.143700  0.122100  25.416  0.027
 12.438900  0.160600  25.947  0.055
  7.969000  0.069300  25.486  0.024
  7.922700  0.057000  25.482  0.027
  8.330300  0.042200  25.435  0.025
  3.393400  0.028500  25.593  0.033
  8.456700  0.067900  25.563  0.029
  6.304900  0.055000  25.565  0.033
  9.743100  0.107100  25.435  0.027
  6.287800  0.085500  25.503  0.035
  7.985900  0.039600  25.573  0.025
  5.231100  0.027200  25.684  0.032
 16.649000  0.214900  25.567  0.033
  5.206800  0.022500  25.610  0.032
  7.822500  0.050100  25.587  0.028
 15.568200  0.314100  25.560  0.038
 11.994600  0.168700  25.523  0.031
 12.408100  0.239700  25.715  0.037
  4.360900  0.015200  25.684  0.027
  5.786400  0.020300  25.590  0.025
  6.858200  0.065600  25.585  0.028
 18.045800  0.226000  25.479  0.032
 10.222700  0.150000  25.918  0.066
 22.266200  0.447600  25.519  0.032
  6.478200  0.027900  25.547  0.029
  5.473000  0.070000  25.662  0.036
  4.365600  0.034000  25.640  0.035
  6.444200  0.043900  25.547  0.031
 14.454400  0.137000  25.508  0.034
  5.393600  0.060100  25.601  0.035
  5.254900  0.039900  25.778  0.029
  5.697100  0.019300  25.789  0.040
  6.926400  0.046700  25.686  0.028
  5.674100  0.048600  25.589  0.036
 15.250200  0.326500  25.434  0.041
  6.205600  0.080400  25.559  0.043
  8.034100  0.051100  25.589  0.029
  6.906900  0.064000  25.571  0.032
  5.452400  0.017200  25.715  0.030
  5.093600  0.052700  25.426  0.035
  5.352500  0.015700  25.740  0.031
  5.361100  0.014400  25.805  0.031
  5.578700  0.036500  25.789  0.032
  4.594300  0.045500  25.728  0.038
  7.244500  0.112000  25.787  0.038
 10.270300  0.166000  25.548  0.034
  7.823000  0.089700  25.600  0.037
 13.040900  0.241600  25.709  0.039
  4.293100  0.011500  25.844  0.032
  5.637400  0.122500  25.597  0.035
 14.540500  0.109300  25.859  0.044
  4.747000  0.025900  25.892  0.035
  5.576100  0.055400  25.727  0.035
  4.892400  0.018500  25.843  0.038
  7.291100  0.052700  25.558  0.034
  5.875700  0.029900  25.710  0.032
 14.544500  0.205400  25.644  0.035
  5.447500  0.046400  25.813  0.035
  6.603200  0.105100  25.746  0.035
  5.279900  0.054400  25.790  0.034
  4.887800  0.034600  25.848  0.031
  4.624800  0.061700  25.981  0.036
  4.795100  0.050700  25.926  0.035
  6.032700  0.054700  25.647  0.033
  4.383000  0.009300  25.795  0.031
  4.916300  0.026600  25.694  0.032
  5.227800  0.057300  25.840  0.036
  7.790600  0.129500  25.783  0.038
  5.020700  0.046000  25.762  0.038
  5.463000  0.048300  25.817  0.035
  5.225200  0.042000  25.797  0.033
  4.476500  0.040400  25.877  0.035
  5.131700  0.030600  25.957  0.034
  7.003000  0.073200  25.768  0.036
 11.089700  0.085500  26.012  0.048
  5.064600  0.038500  25.835  0.033
  5.612800  0.045800  25.882  0.041
  5.407400  0.050100  25.748  0.036
  5.170400  0.023900  25.810  0.036
  4.873400  0.033800  25.896  0.039
  4.935700  0.043700  25.799  0.051
  5.215900  0.045000  25.918  0.037
  5.488600  0.052100  25.881  0.040
  7.055300  0.043000  25.863  0.032
  6.331700  0.101400  25.990  0.043
  4.840400  0.028500  25.820  0.035
 12.379900  0.240100  25.589  0.048
  4.845000  0.065500  25.867  0.039
  5.179000  0.017300  26.056  0.037
  4.132300  0.014000  25.923  0.034
  6.358100  0.029000  25.784  0.042
 11.960000  0.281400  25.832  0.038
  5.164300  0.022500  26.036  0.061
  3.838600  0.009300  26.073  0.036
  6.066500  0.041000  25.927  0.037
  5.080400  0.021000  25.959  0.034
  4.494500  0.041500  25.906  0.038
  5.061100  0.013400  25.989  0.041
  8.307400  0.112400  25.928  0.040
  4.443700  0.014400  26.051  0.035
  6.203800  0.042500  25.890  0.043
  3.566600  0.050300  25.993  0.042
  3.850200  0.017800  26.025  0.043
  5.271800  0.034700  26.046  0.045
  5.732900  0.043000  25.930  0.046
  4.015800  0.037400  25.973  0.057
  3.814500  0.021100  26.112  0.040
  5.853900  0.068900  25.965  0.040
  5.068800  0.086100  25.805  0.066
  4.016900  0.015000  26.154  0.040
  5.225900  0.024700  26.187  0.041
  3.349500  0.041200  25.983  0.045
  4.297200  0.039000  26.158  0.084
  4.856400  0.029500  26.192  0.043
  3.683100  0.008300  26.208  0.045
  4.756400  0.081500  26.186  0.067
  4.391900  0.030800  26.451  0.052
  3.200600  0.029400  26.417  0.160
 35.503700  2.060000  23.137  0.013
 58.766000  1.308000  22.968  0.008
 67.956100  4.591000  23.350  0.046
 61.862700  2.448100  23.005  0.017
 30.328500  0.688700  23.459  0.012
 25.384200  0.402100  23.519  0.016
 69.357300  2.706800  23.177  0.018
 60.176400  4.396000  23.396  0.030
 31.510900  2.292800  23.814  0.050
 44.907400  1.566400  23.651  0.015
 34.781500  0.563100  23.714  0.011
 30.725300  1.383900  23.797  0.030
 34.031700  1.636400  23.558  0.028
 31.499800  1.199700  23.831  0.024
 25.806100  0.446700  23.791  0.017
 30.367200  1.115600  23.894  0.027
 41.528900  2.707400  23.714  0.025
 31.940800  1.195100  23.965  0.025
 19.246100  0.203000  23.926  0.016
 25.201100  0.317600  24.019  0.012
 13.421200  0.253200  24.000  0.013
 41.571200  1.009700  23.831  0.012
 26.022700  0.524900  23.825  0.014
 20.437300  0.228600  23.999  0.011
 22.037000  0.401200  24.073  0.011
 30.736700  0.508600  23.977  0.013
 30.300700  0.874700  24.114  0.027
 20.298000  0.350900  23.857  0.012
 25.156100  0.462900  24.015  0.016
 25.944700  0.420900  23.985  0.014
 32.671900  0.633000  24.026  0.015
 20.054500  0.369200  24.100  0.012
 37.917200  2.227900  24.017  0.032
 38.288700  1.630800  23.963  0.017
 18.395900  0.190000  24.291  0.015
 16.545600  0.158500  24.222  0.015
 16.589600  0.260900  24.259  0.014
 26.089300  0.771000  23.799  0.023
 19.490200  0.508500  24.259  0.018
 39.243400  0.775500  24.146  0.012
 48.349500  2.572000  24.008  0.034
 30.904500  0.776200  24.305  0.021
 18.633700  0.316400  24.329  0.016
 24.024200  0.203000  24.433  0.023
 11.180500  0.158800  24.182  0.013
 25.477300  0.434700  23.982  0.016
 29.231900  0.741300  24.245  0.017
 17.266400  0.224700  24.249  0.018
 24.056300  0.260400  24.167  0.014
 17.399000  0.158900  24.305  0.014
 32.504500  1.173000  24.412  0.023
 23.337300  0.327400  24.326  0.038
 19.488500  0.303500  24.434  0.024
 29.369900  0.327800  24.531  0.031
 14.252600  0.136900  24.439  0.013
 26.746200  1.067600  24.310  0.015
 16.614100  0.167000  24.444  0.017
 16.926300  0.325400  24.466  0.025
 16.333900  0.326900  24.698  0.022
 22.298300  0.382600  24.375  0.016
 24.128900  0.723500  24.482  0.025
 13.901700  0.089800  24.661  0.030
 31.492100  0.882400  24.345  0.021
 15.562500  0.292900  24.381  0.026
 33.107000  1.014400  24.402  0.023
 14.669700  0.155900  24.420  0.021
 19.266200  0.256000  24.749  0.024
 28.152100  0.892200  24.470  0.022
  6.945300  0.141400  24.543  0.015
 13.117100  0.143500  24.573  0.019
 17.186600  0.383600  24.588  0.027
 18.216500  0.207600  24.538  0.016
 14.931700  0.196300  24.849  0.021
  8.256900  0.182200  24.524  0.014
 16.532300  0.269300  24.460  0.018
 17.556900  0.147500  24.431  0.017
 16.070800  0.171500  24.456  0.015
 29.179000  0.851000  24.322  0.020
 17.096100  0.221800  24.456  0.017
 22.673500  0.411800  24.279  0.015
 14.424200  0.126800  24.421  0.017
 15.645600  0.220100  24.602  0.025
 19.223600  0.310200  24.465  0.015
 25.263800  0.703000  24.403  0.019
 17.699400  0.286100  24.496  0.019
 10.525600  0.145600  24.631  0.015
 19.261800  0.289400  24.337  0.019
 13.096900  0.106200  24.472  0.019
  7.155600  0.101900  24.607  0.016
 26.527700  0.901600  24.651  0.025
 17.229700  0.236000  24.493  0.018
 16.302500  0.427600  24.612  0.030
 11.273900  0.097700  24.656  0.019
 12.820000  0.147100  24.669  0.018
 19.808100  0.588500  24.517  0.018
 18.565600  0.334600  24.734  0.022
 13.853300  0.048000  24.692  0.015
 15.702400  0.190600  24.579  0.019
 16.417600  0.223600  24.735  0.016
 12.271500  0.117300  24.753  0.020
 24.840300  0.564300  24.620  0.020
 19.656900  0.372400  24.681  0.016
  5.907300  0.031400  24.725  0.014
 19.267900  0.566000  24.610  0.023
 13.009400  0.085000  24.704  0.018
 15.389300  0.238800  24.726  0.022
 17.589500  0.165100  24.658  0.019
 26.204200  0.500100  24.545  0.017
  8.048000  0.050100  25.018  0.017
 21.175900  0.830900  24.493  0.028
 12.442200  0.138500  24.783  0.018
 12.403500  0.227500  24.965  0.017
 18.573500  0.266200  24.611  0.028
 26.052900  0.758600  24.496  0.019
 19.148500  0.331800  24.761  0.019
 17.830700  0.260800  24.670  0.018
 11.295200  0.138300  24.845  0.018
  6.679500  0.110300  24.696  0.017
 18.999400  0.235600  24.629  0.016
 17.562600  0.180800  24.724  0.017
 13.830100  0.156300  24.726  0.019
 19.313000  0.290600  24.746  0.018
 14.335400  0.187000  24.794  0.024
 21.787100  0.263500  24.562  0.021
 14.176000  0.161500  24.790  0.020
 12.015300  0.103500  24.778  0.021
  7.260700  0.077300  24.755  0.024
 15.266500  0.110100  24.914  0.022
 22.223800  0.506000  24.645  0.017
 14.298100  0.118900  24.838  0.022
 17.024800  0.135100  24.747  0.026
  9.914600  0.051300  24.896  0.018
 10.689900  0.123600  24.870  0.021
 10.741800  0.139900  24.948  0.019
 11.359300  0.121200  24.840  0.020
 21.954100  0.487700  25.004  0.035
 20.837000  0.407900  24.675  0.020
 10.897700  0.125100  24.813  0.016
  7.480100  0.075600  24.844  0.023
 10.540200  0.139200  24.878  0.016
 12.097500  0.152700  24.758  0.021
 15.224300  0.162600  24.823  0.019
 15.619000  0.171300  24.919  0.026
 10.189600  0.051600  24.903  0.021
  8.739900  0.126500  24.999  0.022
 16.508300  0.122600  24.918  0.021
 15.204000  0.234600  24.920  0.033
 16.508900  0.174900  24.976  0.026
 13.021300  0.077400  24.950  0.020
 16.633300  0.098600  24.965  0.019
  4.974000  0.044900  25.061  0.019
 14.159000  0.159800  24.948  0.021
 11.363000  0.108800  25.332  0.023
 17.073100  0.316100  25.048  0.028
 11.998400  0.122200  24.870  0.024
 13.558300  0.109100  24.931  0.020
 11.055200  0.096100  24.876  0.021
 13.099600  0.153300  24.947  0.025
 14.019100  0.281200  25.063  0.024
  9.221200  0.058900  24.997  0.017
  6.959300  0.036700  25.166  0.018
 10.503100  0.101100  24.990  0.027
 17.166000  0.314600  24.929  0.033
 11.824900  0.179700  24.949  0.036
 20.690200  0.261300  25.030  0.024
  5.280900  0.053900  24.990  0.018
 10.149400  0.075400  25.037  0.020
  6.058400  0.039800  24.898  0.018
 25.313200  0.387600  24.812  0.019
 10.678600  0.163600  25.013  0.025
  5.279000  0.069900  25.058  0.021
 12.530700  0.239000  25.082  0.031
 14.109500  0.109300  24.916  0.017
 10.232200  0.165700  25.067  0.023
 10.959600  0.088000  24.996  0.019
 12.979100  0.093400  25.000  0.020
  9.055600  0.081900  24.980  0.020
 10.918700  0.112700  25.006  0.022
  8.287400  0.083600  25.104  0.020
 12.256000  0.197100  24.998  0.022
  8.603800  0.144100  25.022  0.024
 25.099900  0.546800  24.876  0.024
 13.331700  0.206900  25.075  0.030
  5.502600  0.042800  25.372  0.026
  8.311500  0.113300  25.164  0.026
 11.174800  0.116700  25.039  0.030
 10.977900  0.123500  25.079  0.024
  9.794200  0.090400  25.148  0.020
 11.587800  0.151100  24.762  0.026
  9.555500  0.160500  25.080  0.029
  7.603900  0.057400  25.042  0.023
 14.871300  0.061700  25.178  0.019
  9.273900  0.127100  25.059  0.023
  9.041200  0.072000  25.072  0.023
  8.223500  0.069800  25.190  0.025
  5.825900  0.083500  25.101  0.021
  6.815500  0.056400  25.290  0.049
 11.181900  0.132100  25.179  0.029
 10.850700  0.145400  24.992  0.024
 11.561800  0.140500  25.000  0.027
 10.905900  0.115900  24.935  0.035
 12.751300  0.206600  25.192  0.031
 10.878100  0.099200  25.212  0.024
 10.386400  0.112800  25.180  0.020
 11.216900  0.153300  25.173  0.021
 14.033100  0.104800  25.130  0.022
 10.179100  0.090400  25.076  0.021
  7.231800  0.060800  25.302  0.022
 12.267300  0.172400  25.007  0.031
  9.043800  0.179800  25.222  0.028
  8.716100  0.110500  25.308  0.023
  9.976800  0.111500  25.187  0.032
 14.676100  0.271800  25.103  0.028
  7.148300  0.066200  25.132  0.021
  8.433900  0.051800  25.162  0.022
 28.131700  0.628000  25.031  0.023
 10.111600  0.120800  25.004  0.028
 10.842300  0.094400  25.106  0.023
  4.182100  0.036900  25.184  0.023
  7.635300  0.032100  25.166  0.019
 11.700000  0.101400  25.180  0.024
 16.594600  0.256200  25.299  0.023
 12.800200  0.189200  25.289  0.030
  7.570200  0.064800  25.260  0.030
 18.515900  0.345200  25.130  0.025
  8.095000  0.111700  25.177  0.025
  9.877500  0.093100  25.357  0.022
  6.801500  0.041700  25.196  0.021
  8.112100  0.066500  25.125  0.022
 11.164500  0.153000  25.164  0.026
  9.235200  0.114500  25.022  0.027
  7.155900  0.059100  25.239  0.021
  7.596500  0.085800  25.147  0.025
 16.425300  0.139900  25.235  0.028
  7.110900  0.036800  25.248  0.020
 10.547300  0.130500  25.258  0.028
 14.522700  0.425000  24.886  0.041
  7.084300  0.098500  25.457  0.026
 10.834000  0.117900  25.270  0.024
  7.790300  0.059800  25.389  0.027
 12.968500  0.138200  25.296  0.026
  8.555000  0.044800  25.375  0.022
  5.532800  0.052300  25.203  0.022
 16.507500  0.179400  25.168  0.027
  7.786600  0.065500  25.265  0.028
 10.406500  0.114800  25.318  0.024
  6.842900  0.073600  25.547  0.031
 14.089600  0.239900  25.187  0.026
  9.212700  0.128700  25.228  0.028
 13.334300  0.339300  25.721  0.044
  7.527600  0.109900  25.467  0.027
 11.904200  0.118100  25.430  0.026
  8.675500  0.126900  25.224  0.023
 13.959000  0.144400  25.383  0.021
  9.082600  0.259300  25.321  0.027
 10.976400  0.105700  25.489  0.033
  5.802900  0.045600  25.366  0.027
  8.176300  0.188300  25.314  0.054
  8.333700  0.051400  25.355  0.024
  8.284200  0.142500  25.381  0.029
  8.193300  0.155200  25.363  0.036
 11.084500  0.198200  25.303  0.024
  7.253100  0.063500  25.355  0.031
  5.006900  0.027400  25.365  0.024
  8.339400  0.049700  25.379  0.028
  8.794200  0.102500  25.393  0.032
 12.829000  0.191700  25.126  0.050
  8.295000  0.059500  25.320  0.025
  5.475200  0.038000  25.407  0.029
  7.378000  0.054600  25.297  0.028
 15.311500  0.479000  25.414  0.034
  7.335600  0.111400  25.488  0.029
  6.934500  0.062500  25.449  0.025
  6.396300  0.085600  25.579  0.034
  6.622300  0.041300  25.522  0.028
  6.738900  0.053700  25.447  0.030
  6.816200  0.073200  25.518  0.033
  6.472900  0.066900  25.529  0.024
  7.005500  0.099900  25.512  0.032
  6.337100  0.099200  25.477  0.034
  9.629400  0.109000  25.429  0.027
  6.716200  0.031300  25.700  0.036
  6.693600  0.039500  25.417  0.023
  8.769900  0.140300  25.399  0.025
  6.785700  0.083500  25.465  0.031
  8.056900  0.063800  25.552  0.030
  5.830700  0.026300  25.600  0.032
 13.954100  0.189300  25.407  0.026
  6.099300  0.030800  25.474  0.027
 14.371700  0.274800  25.436  0.041
 11.979900  0.176100  25.483  0.037
  7.179500  0.027100  25.395  0.026
 16.812800  0.473900  25.524  0.034
  7.624000  0.079900  25.512  0.026
  4.598100  0.073100  25.842  0.044
 14.224600  0.098700  25.516  0.030
  6.863300  0.053900  25.619  0.026
  3.355200  0.015500  25.789  0.046
  6.144900  0.037700  25.445  0.026
  8.227900  0.145200  25.420  0.029
  8.142500  0.049800  25.450  0.025
 10.070500  0.142800  25.516  0.030
  5.263100  0.051400  25.724  0.030
  7.642400  0.074200  25.616  0.032
  5.531900  0.038200  25.500  0.029
  6.177400  0.038000  25.609  0.029
  6.867100  0.095300  25.590  0.035
 11.615500  0.206400  25.493  0.089
  6.447800  0.075000  25.547  0.031
  6.466600  0.136600  25.536  0.059
  6.628700  0.034400  25.608  0.030
 12.295000  0.144600  25.593  0.029
  6.907500  0.074300  25.683  0.028
  6.547900  0.032200  25.596  0.027
  6.202900  0.062600  25.582  0.031
  5.334600  0.032400  25.657  0.030
  5.525200  0.053100  25.778  0.029
  6.321700  0.079200  25.740  0.061
  5.453300  0.023200  25.721  0.029
  6.573300  0.028900  25.491  0.026
  7.063400  0.058100  25.652  0.029
  6.486100  0.054900  25.736  0.045
  6.346600  0.050400  25.537  0.028
  6.192000  0.065500  25.576  0.031
  7.166400  0.079700  25.570  0.028
  8.412800  0.096600  25.656  0.029
  4.146700  0.009200  25.470  0.035
  5.856900  0.060800  25.559  0.029
  7.644800  0.071600  25.524  0.032
  6.647000  0.032700  25.599  0.031
  5.677000  0.051000  25.689  0.034
 13.967200  0.214900  25.704  0.043
  7.078700  0.037800  25.639  0.029
  6.139300  0.050900  25.664  0.030
  7.748500  0.116800  25.598  0.036
  5.977000  0.045000  25.929  0.038
  6.077300  0.050300  25.747  0.031
  5.352700  0.044300  25.775  0.036
  6.566100  0.039200  25.727  0.033
  5.878400  0.043100  25.646  0.035
 11.865400  0.149700  25.659  0.032
  5.800100  0.017700  25.717  0.032
  5.462700  0.019000  25.613  0.030
  8.969500  0.202600  25.766  0.036
  7.320500  0.105600  25.836  0.033
  6.091700  0.070500  25.855  0.044
  7.123900  0.047500  25.835  0.032
  6.208600  0.045700  25.736  0.031
  5.968500  0.054300  25.759  0.033
  5.654500  0.036600  25.833  0.030
  5.332100  0.051300  25.825  0.040
  6.072200  0.023400  25.809  0.035
  5.383700  0.033000  25.788  0.033
  4.539700  0.011100  25.940  0.039
  7.089500  0.114100  25.899  0.035
  5.820200  0.061300  25.806  0.035
  4.302200  0.036000  25.731  0.037
  3.086500  0.007100  25.892  0.044
  4.886500  0.026400  25.934  0.046
  6.359800  0.070100  25.872  0.035
  6.398100  0.057600  25.857  0.033
  4.775000  0.035600  25.971  0.039
  5.345800  0.030400  25.881  0.034
  6.726200  0.076300  25.826  0.050
  5.137300  0.056500  25.897  0.033
  4.823900  0.035400  25.842  0.032
  5.514000  0.018700  25.883  0.040
  4.847000  0.039700  25.842  0.032
  4.629900  0.025600  25.795  0.032
  5.338200  0.033800  25.995  0.038
  6.100600  0.084400  25.952  0.039
  5.483800  0.052100  25.991  0.043
  6.807100  0.085800  25.927  0.036
  5.481500  0.083600  25.929  0.047
  6.780800  0.063000  25.998  0.042
  3.968900  0.014900  25.942  0.042
  3.896200  0.039300  25.827  0.040
  5.962900  0.141700  25.574  0.087
  5.857700  0.037300  25.907  0.035
  4.072600  0.039200  25.974  0.042
  6.167800  0.052800  25.867  0.036
  5.057000  0.090400  25.920  0.044
  6.930500  0.075100  25.735  0.043
  6.564900  0.051700  25.873  0.037
  6.103100  0.059600  25.900  0.041
  4.395400  0.009800  25.930  0.040
  4.378700  0.041500  26.027  0.043
 13.781200  0.173100  25.621  0.046
  5.040400  0.049000  25.994  0.040
  6.394400  0.075600  26.017  0.042
  5.711100  0.131300  25.938  0.042
  6.959900  0.084300  25.905  0.043
  6.165000  0.084300  25.960  0.040
  7.214600  0.053700  25.972  0.045
  5.019400  0.051900  25.866  0.037
  4.063800  0.024500  26.035  0.041
  4.641700  0.043800  25.838  0.039
  4.295500  0.033400  26.253  0.052
  5.537200  0.108800  26.217  0.058
  5.417500  0.063200  25.993  0.047
  3.414800  0.009400  26.232  0.053
  4.293500  0.043200  26.000  0.046
  4.373600  0.018100  26.033  0.049
  3.017600  0.010600  26.219  0.047
  5.253900  0.086300  26.032  0.049
  3.643300  0.032900  26.345  0.047
  4.429200  0.028400  26.306  0.060
  3.596300  0.018000  26.357  0.047
  4.083100  0.028600  26.227  0.044
  8.462200  0.083200  26.396  0.076
  4.229100  0.042300  26.382  0.055
  7.183700  0.060500  26.258  0.053
  4.811100  0.058300  26.161  0.077
  5.263300  0.059500  26.600  0.065
  5.157700  0.059700  26.549  0.059
  4.000800  0.018100  26.933  0.193
